BUFFERSIZE : 32768 SAMPLE_RATE : -28274402
DD=[0.000000 0.000000 0.000000 0.000000 0.000000 0.000000 0.000000 0.000000 0.000000 0.000000 0.000000 0.000000 0.000000 0.000000 0.000000 0.000000 0.000000 0.000000 0.000000 0.000000 0.000000 
0.000000 0.000000 0.343615 0.000000 0.000000 0.000000 0.000000 0.000000 0.000000 0.000000 0.000000 0.000000 0.000000 0.000000 0.000000 0.000000 0.000000 0.000000 0.000000 0.000000 0.000000 
0.000000 0.000000 0.645057 0.000000 0.000000 0.000000 0.000000 0.000000 0.000000 0.000000 0.000000 0.000000 0.000000 0.000000 0.000000 0.000000 0.000000 0.000000 0.000000 0.000000 0.000000 
0.000000 0.000000 0.657484 0.000000 0.000000 0.000000 0.000000 0.000000 0.000000 0.000000 0.000000 0.000000 0.000000 0.000000 0.000000 0.000000 0.000000 0.000000 0.000000 0.000000 0.000000 
0.000000 0.000000 0.195222 0.000000 0.000000 0.000000 0.000000 0.000000 0.000000 0.000000 0.000000 0.000000 0.000000 0.000000 0.000000 0.000000 0.000000 0.000000 0.000000 0.000000 0.000000 
0.000000 0.000000 0.696327 0.000000 0.000000 0.000000 0.000000 0.000000 0.000000 0.000000 0.000000 0.000000 0.000000 0.000000 0.000000 0.000000 0.000000 0.000000 0.000000 0.000000 0.000000 
0.000000 0.000000 0.525286 0.000000 0.000000 0.000000 0.000000 0.000000 0.000000 0.000000 0.000000 0.000000 0.000000 0.000000 0.000000 0.000000 0.000000 0.000000 0.000000 0.000000 0.000000 
0.000000 0.000000 0.358256 0.000000 0.000000 0.000000 0.000000 0.000000 0.000000 0.000000 0.000000 0.000000 0.000000 0.000000 0.000000 0.000000 0.000000 0.000000 0.000000 0.000000 0.000000 
0.000000 0.000000 0.501045 0.000000 0.000000 0.000000 0.000000 0.000000 0.000000 0.000000 0.000000 0.000000 0.000000 0.000000 0.000000 0.000000 0.000000 0.000000 0.000000 0.000000 0.000000 
0.000000 0.000000 0.419617 0.000000 0.000000 0.000000 0.000000 0.000000 0.000000 0.000000 0.000000 0.000000 0.000000 0.000000 0.000000 0.000000 0.000000 0.000000 0.000000 0.000000 0.000000 
0.000000 0.000000 0.534566 0.000000 0.000000 0.000000 0.000000 0.000000 0.000000 0.000000 0.000000 0.000000 0.000000 0.000000 0.000000 0.000000 0.000000 0.000000 0.000000 0.000000 0.000000 
0.000000 0.000000 0.378849 0.000000 0.000000 0.000000 0.000000 0.000000 0.000000 0.000000 0.000000 0.000000 0.000000 0.000000 0.000000 0.000000 0.003284 0.021565 0.000000 0.000000 0.000000 
0.000000 0.000000 0.137984 0.000000 0.000000 0.000000 0.000000 0.000000 0.000000 0.000000 0.000000 0.000000 0.000000 0.000000 0.000000 0.000000 0.068645 0.558806 0.000000 0.000000 0.000000 
0.278191 0.478033 0.699608 0.000000 0.000000 0.000000 0.504011 0.388436 0.541836 0.000000 0.000000 0.000000 0.000000 0.000000 0.000000 0.000000 0.000000 0.000000 0.000000 0.000000 0.000000 
0.404727 0.531617 0.108697 0.000000 0.000000 0.000000 0.609223 0.200538 0.218935 0.000000 0.000000 0.000000 0.000000 0.000000 0.000000 0.000000 0.000000 0.000000 0.000000 0.000000 0.000000 
0.402521 0.553465 0.513262 0.000000 0.000000 0.000000 0.495747 0.411237 0.454767 0.000000 0.000000 0.000000 0.000000 0.000000 0.000000 0.000000 0.000000 0.000000 0.000000 0.000000 0.000000 
0.576879 0.772238 0.487463 0.000000 0.000000 0.000000 0.615885 0.410295 0.390486 0.000000 0.000000 0.000000 0.000000 0.000000 0.000000 0.000000 0.000000 0.000000 0.000000 0.000000 0.000000 
0.148850 0.582496 0.402129 0.000000 0.000000 0.000000 0.646306 0.548956 0.638825 0.000000 0.000000 0.000000 0.000000 0.000000 0.000000 0.000000 0.000000 0.000000 0.000000 0.000000 0.000000 
0.446020 0.683162 0.798615 0.000000 0.000000 0.000000 0.638821 0.389454 0.532284 0.000000 0.000000 0.000000 0.000000 0.000000 0.000000 0.000000 0.000000 0.000000 0.000000 0.000000 0.000000 
0.309194 0.470700 0.440287 0.184309 0.000001 0.000614 0.649734 0.535516 0.680487 0.084194 0.000000 0.000000 0.000000 0.000000 0.000000 0.000000 0.000000 0.000000 0.000000 0.000000 0.000000 
0.280971 0.421213 0.282696 0.769495 0.444215 0.542063 0.845578 0.246420 0.431720 0.565818 0.000000 0.000000 0.000000 0.000000 0.000000 0.000000 0.000000 0.000000 0.000000 0.000000 0.000000 
0.331247 0.556360 0.353120 0.320254 0.026108 0.314020 0.766568 0.379850 0.493681 0.304362 0.000000 0.000000 0.000000 0.000000 0.000000 0.000000 0.000000 0.000000 0.000000 0.000000 0.000000 
0.932563 0.611993 0.555166 0.000000 0.000000 0.000000 0.560977 0.401291 0.545658 0.000000 0.000000 0.000000 0.000000 0.000000 0.000000 0.000000 0.000000 0.000000 0.000000 0.000000 0.000000 
0.192425 0.685539 0.300184 0.000000 0.000000 0.000000 0.159692 0.228017 0.147195 0.000000 0.000000 0.000000 0.000000 0.000000 0.000000 0.000000 0.000000 0.000000 0.000000 0.000000 0.000000 
0.133336 0.534332 0.412581 0.000000 0.000000 0.000000 0.499118 0.462857 0.473163 0.000000 0.000000 0.000000 0.000000 0.000000 0.000000 0.000000 0.000000 0.000000 0.000000 0.000000 0.000000 
0.445882 0.662593 0.261524 0.000000 0.000000 0.000000 0.714206 0.429238 0.556206 0.000000 0.000000 0.000000 0.000000 0.000000 0.000000 0.000000 0.000000 0.000000 0.000000 0.000000 0.000000 
0.291985 0.436200 0.578272 0.000000 0.000000 0.000000 0.676417 0.239254 0.384721 0.000000 0.000000 0.000000 0.000000 0.000000 0.000000 0.000000 0.000000 0.000000 0.000000 0.000000 0.000000 
0.332508 0.604589 0.214010 0.341124 0.293777 0.374192 0.585441 0.073758 0.304341 0.590341 0.000000 0.000000 0.000000 0.000000 0.000000 0.000000 0.000000 0.000000 0.000000 0.000000 0.000000 
0.647993 0.674130 0.551831 0.002625 0.002496 0.013546 0.414278 0.254434 0.389216 0.390936 0.000000 0.000000 0.000000 0.000000 0.000000 0.000000 0.000000 0.000000 0.000000 0.000000 0.000000 
0.529305 0.645683 0.560233 0.707189 0.521161 0.684712 0.746138 0.424102 0.470112 0.790739 0.000000 0.000000 0.000000 0.000000 0.000000 0.000000 0.000000 0.000000 0.000000 0.000000 0.000000 
0.489003 0.691017 0.267056 0.349412 0.005052 0.189377 0.212754 0.195822 0.197688 0.625005 0.000000 0.000000 0.000000 0.000000 0.000000 0.000000 0.000000 0.000000 0.000000 0.000000 0.000000 
0.528891 0.681280 0.744306 0.362238 0.239849 0.347075 0.708872 0.325452 0.514216 0.435313 0.000000 0.000000 0.000000 0.000000 0.000000 0.000000 0.000000 0.000000 0.000000 0.000000 0.000000 
0.359260 0.555034 0.875021 0.348860 0.001522 0.041990 0.695433 0.371422 0.559771 0.051333 0.000000 0.000000 0.000000 0.000000 0.000000 0.000000 0.000000 0.000000 0.000000 0.000000 0.000000 
0.223943 0.476541 0.378767 0.860507 0.233479 0.627267 0.787656 0.263804 0.603600 0.872301 0.000000 0.000000 0.000000 0.000000 0.000000 0.000000 0.000000 0.000000 0.000000 0.000000 0.000000 
0.455853 0.672631 0.711198 0.584952 0.252207 0.403315 0.712807 0.495766 0.663136 0.838429 0.000000 0.000000 0.000000 0.000000 0.000000 0.000000 0.000000 0.000000 0.000000 0.000000 0.000000 
0.435107 0.643301 0.663702 0.505025 0.360329 0.353288 0.593526 0.473500 0.521159 0.730585 0.000000 0.000000 0.000000 0.000000 0.000000 0.000000 0.000000 0.000000 0.000000 0.000000 0.000000 
0.223914 0.567192 0.709177 0.433739 0.320030 0.406085 0.010668 0.048597 0.057437 0.684926 0.000000 0.000000 0.000000 0.000000 0.000000 0.000000 0.000000 0.000000 0.000000 0.000000 0.000000 
0.264003 0.721454 0.158968 0.392414 0.203135 0.444639 0.608797 0.359859 0.459893 0.549424 0.000000 0.000000 0.000000 0.000000 0.000000 0.000000 0.000000 0.000000 0.000000 0.000000 0.000000 
0.487130 0.784074 0.442495 0.409833 0.409973 0.470114 0.715309 0.600686 0.647133 0.572818 0.000000 0.000000 0.000000 0.000000 0.000000 0.253376 0.460783 0.442284 0.407337 0.601354 0.000000 
0.282217 0.361674 0.652177 0.569022 0.414593 0.551665 0.395130 0.336127 0.177559 0.436765 0.000000 0.000000 0.000000 0.000000 0.000000 0.747518 0.317515 0.370108 0.375091 0.279470 0.000000 
0.204360 0.281351 0.199577 0.529923 0.152151 0.337403 0.704024 0.223881 0.190898 0.860518 0.000000 0.000000 0.000000 0.000000 0.000000 0.533113 0.106529 0.111088 0.664420 0.642765 0.000000 
0.607962 0.696849 0.234149 0.379086 0.174856 0.382956 0.545623 0.428595 0.510790 0.420458 0.000000 0.000000 0.000000 0.000000 0.000000 0.429307 0.209907 0.323528 0.607815 0.482624 0.000000 
0.467714 0.576394 0.568179 0.495833 0.386365 0.527716 0.682187 0.419858 0.401763 0.753094 0.000000 0.000000 0.000000 0.000000 0.000000 0.438223 0.207381 0.235820 0.554922 0.646114 0.000000 
0.092447 0.471896 0.212585 0.635189 0.243887 0.282340 0.518770 0.576518 0.575812 0.365105 0.000000 0.000000 0.000000 0.000000 0.000000 0.000000 0.000000 0.000000 0.000000 0.000000 0.000000 
0.309267 0.493428 0.792586 0.011178 0.002179 0.036189 0.509278 0.368655 0.494782 0.536099 0.000000 0.000000 0.000000 0.000000 0.000000 0.000000 0.000000 0.000000 0.000000 0.000000 0.000000 
0.355995 0.535497 0.298387 0.580005 0.304080 0.464040 0.675698 0.422931 0.549418 0.608835 0.000000 0.000000 0.000000 0.000000 0.000000 0.889085 0.422025 0.512870 0.671483 0.756520 0.000000 
0.385635 0.421718 0.550281 0.552222 0.275615 0.450492 0.666810 0.149746 0.128265 0.752117 0.000000 0.000000 0.000000 0.000000 0.000000 0.836456 0.378814 0.392398 0.542608 0.515138 0.000000 
0.286420 0.535464 0.596257 0.517412 0.309513 0.412479 0.445002 0.495797 0.503325 0.847153 0.000000 0.000000 0.000000 0.000000 0.000000 0.557156 0.268602 0.344476 0.859763 0.722744 0.000000 
0.669374 0.732911 0.711927 0.498233 0.311245 0.379024 0.700517 0.458934 0.542752 0.681234 0.000000 0.000000 0.000000 0.000000 0.000000 0.094753 0.082048 0.092800 0.651909 0.462964 0.000000 
0.416104 0.645442 0.745022 0.463937 0.224613 0.362735 0.083552 0.140743 0.146397 0.729958 0.000000 0.000000 0.000000 0.000000 0.000000 0.000000 0.000000 0.000000 0.000000 0.000000 0.000000 
0.485532 0.615782 0.246416 0.663360 0.493202 0.584434 0.582934 0.245144 0.387285 0.794664 0.000000 0.000000 0.000000 0.000000 0.000000 0.041884 0.000041 0.032947 0.098308 0.282553 0.000000 
0.381223 0.638509 0.598585 0.600786 0.602831 0.644350 0.748464 0.453955 0.545767 0.865853 0.000000 0.000000 0.000000 0.000000 0.000000 0.667300 0.466901 0.409815 0.561377 0.613080 0.000000 
0.353668 0.417114 0.242913 0.483733 0.229012 0.270640 0.427551 0.161912 0.029536 0.649445 0.000000 0.000000 0.000000 0.000000 0.000000 0.529075 0.179698 0.354719 0.330683 0.369162 0.000000 
0.320510 0.330810 0.330018 0.556920 0.154878 0.237461 0.660637 0.286655 0.187969 0.897169 0.000000 0.000000 0.000000 0.000000 0.000000 0.471046 0.144652 0.238794 0.591505 0.712762 0.000000 
0.700976 0.806305 0.592933 0.005682 0.003925 0.013162 0.472789 0.265733 0.441824 0.559364 0.000000 0.000000 0.000000 0.000000 0.000000 0.218774 0.172214 0.210840 0.367485 0.394177 0.000000 
0.433282 0.670981 0.633586 0.527636 0.359114 0.493070 0.185133 0.298767 0.362253 0.854841 0.000000 0.000000 0.000000 0.000000 0.000000 0.000000 0.000000 0.000000 0.000000 0.000000 0.000000 
0.249235 0.383581 0.576478 0.805060 0.341650 0.432284 0.590952 0.170710 0.254117 0.779118 0.000000 0.000000 0.000000 0.000000 0.000000 0.000000 0.000000 0.000000 0.000000 0.000000 0.000000 
0.530787 0.637589 0.790503 0.254362 0.405970 0.370286 0.685697 0.362843 0.515330 0.572291 0.000000 0.000000 0.000000 0.000000 0.000000 0.068313 0.000057 0.004501 0.002565 0.264112 0.000000 
0.289626 0.319714 0.715141 0.542636 0.369398 0.459550 0.458518 0.503248 0.575250 0.580814 0.000000 0.000000 0.000000 0.000000 0.000000 0.506669 0.447643 0.636252 0.699991 0.829637 0.000000 
0.210689 0.238751 0.200525 0.534267 0.163034 0.296909 0.701906 0.258736 0.094739 0.803743 0.000000 0.000000 0.000000 0.000000 0.000000 0.506688 0.230160 0.140479 0.583020 0.706418 0.000000 
0.427419 0.618561 0.754481 0.356544 0.176424 0.241705 0.648278 0.443299 0.562199 0.695367 0.000000 0.000000 0.000000 0.000000 0.000000 0.623001 0.264452 0.361039 0.847913 0.723479 0.000000] 

DD(:,3) = [] %1x
DD(:,4) = [] %2x
DD(:,5) = [] %3x
DD(:,6) = [] %4x
DD(:,7) = [] %5x

size(DD) 

plot(DD)
legend('Intro','Batterie','Clavier gauche','Clavier droite','Cuivres','Voix',"location","eastoutside")
xlabel('Nombre images (61)')
ylabel('Coefficients de corrélation')
title('Coefficients de corrélation entre la basse et les autres pistes pendant 45.3 secondes')

surf(DD)
shading('faceted') 
colormap(cool),colorbar
set(gca,'Xtick', [1:6] )
set(gca,'XTickLabel',['Intro';'Batterie';'Clavier gauche';'Clavier droite';'Cuivres';'Voix'])
xlim([1,6])
ylabel('Nombre images (61)')
title('Coefficients de corrélation entre la basse et les autres pistes pendant 45.3 secondes')

D=permute(reshape(DD,61,6,1),[3,2,1])

%Coefficients de corrélation entre basse et autres pistes à temps aléatoire%

for m=randi([1,61])
  M=(m-1)*0.743
  imagesc(D(:,:,m)),colormap(viridis),caxis([0,1]),colorbar
  set(gca,'XTickLabel',['Intro';'Batterie';'Clavier gauche';'Clavier droite';'Cuivres';'Voix'])
  set(gca,'ytick',[])
  set(gca,'Xtick', [1:6] )
  xlim([1,6])
  title(sprintf("Coefficients de corrélation entre la basse et les autres pistes de Superstition à %1f secondes",M))
end
m,M