BUFFERSIZE : 32768 SAMPLE_RATE : 958026014
A=[0.000000 0.000000 0.000000 0.000000 0.000000 0.000000 0.000000 0.000000 0.000000 0.000000 0.000000 0.000000 0.000000 0.000000 0.000000 0.000000 0.000000 0.000000 0.000000 0.000000 0.000000 
0.645057 0.000000 0.000000 0.000000 0.000000 0.000000 0.000000 0.000000 0.000000 0.000000 0.000000 0.000000 0.000000 0.000000 0.000000 0.000000 0.000000 0.000000 0.000000 0.000000 0.000000 
0.657484 0.000000 0.000000 0.000000 0.000000 0.000000 0.000000 0.000000 0.000000 0.000000 0.000000 0.000000 0.000000 0.000000 0.000000 0.000000 0.000000 0.000000 0.000000 0.000000 0.000000 
0.195222 0.000000 0.000000 0.000000 0.000000 0.000000 0.000000 0.000000 0.000000 0.000000 0.000000 0.000000 0.000000 0.000000 0.000000 0.000000 0.000000 0.000000 0.000000 0.000000 0.000000 
0.696327 0.000000 0.000000 0.000000 0.000000 0.000000 0.000000 0.000000 0.000000 0.000000 0.000000 0.000000 0.000000 0.000000 0.000000 0.000000 0.000000 0.000000 0.000000 0.000000 0.000000 
0.525286 0.000000 0.000000 0.000000 0.000000 0.000000 0.000000 0.000000 0.000000 0.000000 0.000000 0.000000 0.000000 0.000000 0.000000 0.000000 0.000000 0.000000 0.000000 0.000000 0.000000 
0.358256 0.000000 0.000000 0.000000 0.000000 0.000000 0.000000 0.000000 0.000000 0.000000 0.000000 0.000000 0.000000 0.000000 0.000000 0.000000 0.000000 0.000000 0.000000 0.000000 0.000000 
0.501045 0.000000 0.000000 0.000000 0.000000 0.000000 0.000000 0.000000 0.000000 0.000000 0.000000 0.000000 0.000000 0.000000 0.000000 0.000000 0.000000 0.000000 0.000000 0.000000 0.000000 
0.419617 0.000000 0.000000 0.000000 0.000000 0.000000 0.000000 0.000000 0.000000 0.000000 0.000000 0.000000 0.000000 0.000000 0.000000 0.000000 0.000000 0.000000 0.000000 0.000000 0.000000 
0.534566 0.000000 0.000000 0.000000 0.000000 0.000000 0.000000 0.000000 0.000000 0.000000 0.000000 0.000000 0.000000 0.000000 0.000000 0.000000 0.000000 0.000000 0.000000 0.000000 0.000000 
0.378849 0.000000 0.000000 0.000000 0.000000 0.000000 0.000000 0.000000 0.000000 0.000000 0.000000 0.000000 0.000000 0.000000 0.000000 0.003284 0.021565 0.000000 0.000000 0.000000 0.000000 
0.137984 0.000000 0.000000 0.000000 0.000000 0.000000 0.000000 0.000000 0.000000 0.000000 0.000000 0.000000 0.000000 0.000000 0.000000 0.068645 0.558806 0.000000 0.000000 0.000000 0.000000 
0.699608 0.278191 0.478033 0.000000 0.000000 0.000000 0.388436 0.541836 0.504011 0.000000 0.000000 0.000000 0.000000 0.000000 0.000000 0.000000 0.000000 0.000000 0.000000 0.000000 0.000000 
0.108697 0.404727 0.531617 0.000000 0.000000 0.000000 0.200538 0.218935 0.609223 0.000000 0.000000 0.000000 0.000000 0.000000 0.000000 0.000000 0.000000 0.000000 0.000000 0.000000 0.000000 
0.513262 0.402521 0.553465 0.000000 0.000000 0.000000 0.411237 0.454767 0.495747 0.000000 0.000000 0.000000 0.000000 0.000000 0.000000 0.000000 0.000000 0.000000 0.000000 0.000000 0.000000 
0.487463 0.576879 0.772238 0.000000 0.000000 0.000000 0.410295 0.390486 0.615885 0.000000 0.000000 0.000000 0.000000 0.000000 0.000000 0.000000 0.000000 0.000000 0.000000 0.000000 0.000000 
0.402129 0.148850 0.582496 0.000000 0.000000 0.000000 0.548956 0.638825 0.646306 0.000000 0.000000 0.000000 0.000000 0.000000 0.000000 0.000000 0.000000 0.000000 0.000000 0.000000 0.000000 
0.798615 0.446020 0.683162 0.000000 0.000000 0.000000 0.389454 0.532284 0.638821 0.000000 0.000000 0.000000 0.000000 0.000000 0.000000 0.000000 0.000000 0.000000 0.000000 0.000000 0.000000 
0.440287 0.309194 0.470700 0.000001 0.000614 0.184309 0.535516 0.680487 0.649734 0.084194 0.000000 0.000000 0.000000 0.000000 0.000000 0.000000 0.000000 0.000000 0.000000 0.000000 0.000000 
0.282696 0.280971 0.421213 0.444215 0.542063 0.769495 0.246420 0.431720 0.845578 0.565818 0.000000 0.000000 0.000000 0.000000 0.000000 0.000000 0.000000 0.000000 0.000000 0.000000 0.000000 
0.353120 0.331247 0.556360 0.026108 0.314020 0.320254 0.379850 0.493681 0.766568 0.304362 0.000000 0.000000 0.000000 0.000000 0.000000 0.000000 0.000000 0.000000 0.000000 0.000000 0.000000 
0.555166 0.932563 0.611993 0.000000 0.000000 0.000000 0.401291 0.545658 0.560977 0.000000 0.000000 0.000000 0.000000 0.000000 0.000000 0.000000 0.000000 0.000000 0.000000 0.000000 0.000000 
0.300184 0.192425 0.685539 0.000000 0.000000 0.000000 0.228017 0.147195 0.159692 0.000000 0.000000 0.000000 0.000000 0.000000 0.000000 0.000000 0.000000 0.000000 0.000000 0.000000 0.000000 
0.412581 0.133336 0.534332 0.000000 0.000000 0.000000 0.462857 0.473163 0.499118 0.000000 0.000000 0.000000 0.000000 0.000000 0.000000 0.000000 0.000000 0.000000 0.000000 0.000000 0.000000 
0.261524 0.445882 0.662593 0.000000 0.000000 0.000000 0.429238 0.556206 0.714206 0.000000 0.000000 0.000000 0.000000 0.000000 0.000000 0.000000 0.000000 0.000000 0.000000 0.000000 0.000000 
0.578272 0.291985 0.436200 0.000000 0.000000 0.000000 0.239254 0.384721 0.676417 0.000000 0.000000 0.000000 0.000000 0.000000 0.000000 0.000000 0.000000 0.000000 0.000000 0.000000 0.000000 
0.214010 0.332508 0.604589 0.293777 0.374192 0.341124 0.073758 0.304341 0.585441 0.590341 0.000000 0.000000 0.000000 0.000000 0.000000 0.000000 0.000000 0.000000 0.000000 0.000000 0.000000 
0.551831 0.647993 0.674130 0.002496 0.013546 0.002625 0.254434 0.389216 0.414278 0.390936 0.000000 0.000000 0.000000 0.000000 0.000000 0.000000 0.000000 0.000000 0.000000 0.000000 0.000000 
0.560233 0.529305 0.645683 0.521161 0.684712 0.707189 0.424102 0.470112 0.746138 0.790739 0.000000 0.000000 0.000000 0.000000 0.000000 0.000000 0.000000 0.000000 0.000000 0.000000 0.000000 
0.267056 0.489003 0.691017 0.005052 0.189377 0.349412 0.195822 0.197688 0.212754 0.625005 0.000000 0.000000 0.000000 0.000000 0.000000 0.000000 0.000000 0.000000 0.000000 0.000000 0.000000 
0.744306 0.528891 0.681280 0.239849 0.347075 0.362238 0.325452 0.514216 0.708872 0.435313 0.000000 0.000000 0.000000 0.000000 0.000000 0.000000 0.000000 0.000000 0.000000 0.000000 0.000000 
0.875021 0.359260 0.555034 0.001522 0.041990 0.348860 0.371422 0.559771 0.695433 0.051333 0.000000 0.000000 0.000000 0.000000 0.000000 0.000000 0.000000 0.000000 0.000000 0.000000 0.000000 
0.378767 0.223943 0.476541 0.233479 0.627267 0.860507 0.263804 0.603600 0.787656 0.872301 0.000000 0.000000 0.000000 0.000000 0.000000 0.000000 0.000000 0.000000 0.000000 0.000000 0.000000 
0.711198 0.455853 0.672631 0.252207 0.403315 0.584952 0.495766 0.663136 0.712807 0.838429 0.000000 0.000000 0.000000 0.000000 0.000000 0.000000 0.000000 0.000000 0.000000 0.000000 0.000000 
0.663702 0.435107 0.643301 0.360329 0.353288 0.505025 0.473500 0.521159 0.593526 0.730585 0.000000 0.000000 0.000000 0.000000 0.000000 0.000000 0.000000 0.000000 0.000000 0.000000 0.000000 
0.709177 0.223914 0.567192 0.320030 0.406085 0.433739 0.048597 0.057437 0.010668 0.684926 0.000000 0.000000 0.000000 0.000000 0.000000 0.000000 0.000000 0.000000 0.000000 0.000000 0.000000 
0.158968 0.264003 0.721454 0.203135 0.444639 0.392414 0.359859 0.459893 0.608797 0.549424 0.000000 0.000000 0.000000 0.000000 0.000000 0.000000 0.000000 0.000000 0.000000 0.000000 0.000000 
0.442495 0.487130 0.784074 0.409973 0.470114 0.409833 0.600686 0.647133 0.715309 0.572818 0.000000 0.000000 0.000000 0.000000 0.000000 0.460783 0.442284 0.253376 0.407337 0.601354 0.000000 
0.652177 0.282217 0.361674 0.414593 0.551665 0.569022 0.336127 0.177559 0.395130 0.436765 0.000000 0.000000 0.000000 0.000000 0.000000 0.317515 0.370108 0.747518 0.375091 0.279470 0.000000 
0.199577 0.204360 0.281351 0.152151 0.337403 0.529923 0.223881 0.190898 0.704024 0.860518 0.000000 0.000000 0.000000 0.000000 0.000000 0.106529 0.111088 0.533113 0.664420 0.642765 0.000000 
0.234149 0.607962 0.696849 0.174856 0.382956 0.379086 0.428595 0.510790 0.545623 0.420458 0.000000 0.000000 0.000000 0.000000 0.000000 0.209907 0.323528 0.429307 0.607815 0.482624 0.000000 
0.568179 0.467714 0.576394 0.386365 0.527716 0.495833 0.419858 0.401763 0.682187 0.753094 0.000000 0.000000 0.000000 0.000000 0.000000 0.207381 0.235820 0.438223 0.554922 0.646114 0.000000 
0.212585 0.092447 0.471896 0.243887 0.282340 0.635189 0.576518 0.575812 0.518770 0.365105 0.000000 0.000000 0.000000 0.000000 0.000000 0.000000 0.000000 0.000000 0.000000 0.000000 0.000000 
0.792586 0.309267 0.493428 0.002179 0.036189 0.011178 0.368655 0.494782 0.509278 0.536099 0.000000 0.000000 0.000000 0.000000 0.000000 0.000000 0.000000 0.000000 0.000000 0.000000 0.000000 
0.298387 0.355995 0.535497 0.304080 0.464040 0.580005 0.422931 0.549418 0.675698 0.608835 0.000000 0.000000 0.000000 0.000000 0.000000 0.422025 0.512870 0.889085 0.671483 0.756520 0.000000 
0.550281 0.385635 0.421718 0.275615 0.450492 0.552222 0.149746 0.128265 0.666810 0.752117 0.000000 0.000000 0.000000 0.000000 0.000000 0.378814 0.392398 0.836456 0.542608 0.515138 0.000000 
0.596257 0.286420 0.535464 0.309513 0.412479 0.517412 0.495797 0.503325 0.445002 0.847153 0.000000 0.000000 0.000000 0.000000 0.000000 0.268602 0.344476 0.557156 0.859763 0.722744 0.000000 
0.711927 0.669374 0.732911 0.311245 0.379024 0.498233 0.458934 0.542752 0.700517 0.681234 0.000000 0.000000 0.000000 0.000000 0.000000 0.082048 0.092800 0.094753 0.651909 0.462964 0.000000 
0.745022 0.416104 0.645442 0.224613 0.362735 0.463937 0.140743 0.146397 0.083552 0.729958 0.000000 0.000000 0.000000 0.000000 0.000000 0.000000 0.000000 0.000000 0.000000 0.000000 0.000000 
0.246416 0.485532 0.615782 0.493202 0.584434 0.663360 0.245144 0.387285 0.582934 0.794664 0.000000 0.000000 0.000000 0.000000 0.000000 0.000041 0.032947 0.041884 0.098308 0.282553 0.000000 
0.598585 0.381223 0.638509 0.602831 0.644350 0.600786 0.453955 0.545767 0.748464 0.865853 0.000000 0.000000 0.000000 0.000000 0.000000 0.466901 0.409815 0.667300 0.561377 0.613080 0.000000 
0.242913 0.353668 0.417114 0.229012 0.270640 0.483733 0.161912 0.029536 0.427551 0.649445 0.000000 0.000000 0.000000 0.000000 0.000000 0.179698 0.354719 0.529075 0.330683 0.369162 0.000000 
0.330018 0.320510 0.330810 0.154878 0.237461 0.556920 0.286655 0.187969 0.660637 0.897169 0.000000 0.000000 0.000000 0.000000 0.000000 0.144652 0.238794 0.471046 0.591505 0.712762 0.000000 
0.592933 0.700976 0.806305 0.003925 0.013162 0.005682 0.265733 0.441824 0.472789 0.559364 0.000000 0.000000 0.000000 0.000000 0.000000 0.172214 0.210840 0.218774 0.367485 0.394177 0.000000 
0.633586 0.433282 0.670981 0.359114 0.493070 0.527636 0.298767 0.362253 0.185133 0.854841 0.000000 0.000000 0.000000 0.000000 0.000000 0.000000 0.000000 0.000000 0.000000 0.000000 0.000000 
0.576478 0.249235 0.383581 0.341650 0.432284 0.805060 0.170710 0.254117 0.590952 0.779118 0.000000 0.000000 0.000000 0.000000 0.000000 0.000000 0.000000 0.000000 0.000000 0.000000 0.000000 
0.790503 0.530787 0.637589 0.405970 0.370286 0.254362 0.362843 0.515330 0.685697 0.572291 0.000000 0.000000 0.000000 0.000000 0.000000 0.000057 0.004501 0.068313 0.002565 0.264112 0.000000 
0.715141 0.289626 0.319714 0.369398 0.459550 0.542636 0.503248 0.575250 0.458518 0.580814 0.000000 0.000000 0.000000 0.000000 0.000000 0.447643 0.636252 0.506669 0.699991 0.829637 0.000000 
0.200525 0.210689 0.238751 0.163034 0.296909 0.534267 0.258736 0.094739 0.701906 0.803743 0.000000 0.000000 0.000000 0.000000 0.000000 0.230160 0.140479 0.506688 0.583020 0.706418 0.000000 
0.754481 0.427419 0.618561 0.176424 0.241705 0.356544 0.443299 0.562199 0.648278 0.695367 0.000000 0.000000 0.000000 0.000000 0.000000 0.264452 0.361039 0.623001 0.847913 0.723479 0.000000 
0.809984 0.589853 0.748713 0.266820 0.375941 0.514226 0.357194 0.539150 0.672356 0.726566 0.000000 0.000000 0.000000 0.000000 0.000000 0.090390 0.154149 0.216292 0.767670 0.594330 0.000000 
0.632771 0.350039 0.662669 0.263940 0.399458 0.475759 0.033767 0.098201 0.078204 0.645110 0.000000 0.000000 0.000000 0.000000 0.000000 0.000553 0.009527 0.001036 0.007032 0.160525 0.000000 
0.633456 0.427968 0.489382 0.404464 0.369297 0.200991 0.348075 0.416907 0.549000 0.619264 0.000000 0.000000 0.000000 0.000000 0.000000 0.000000 0.000000 0.000000 0.000000 0.000000 0.000000 
0.860928 0.283443 0.423703 0.535770 0.644147 0.788892 0.432242 0.585915 0.897233 0.872215 0.000000 0.000000 0.000000 0.000000 0.000000 0.350622 0.468010 0.371516 0.587928 0.656949 0.000000 
0.668281 0.202852 0.483550 0.218547 0.305955 0.430283 0.019891 0.133853 0.351849 0.782328 0.000000 0.000000 0.000000 0.000000 0.000000 0.042457 0.284898 0.458474 0.561048 0.728493 0.000000 
0.409422 0.448197 0.623615 0.212258 0.510067 0.597401 0.186598 0.597792 0.738448 0.892553 0.000008 0.007784 0.000024 0.469174 0.255313 0.203322 0.313175 0.295826 0.798100 0.662405 0.334559 
0.881671 0.442535 0.598494 0.006875 0.036202 0.007942 0.442858 0.547008 0.446341 0.276200 0.004198 0.011425 0.004886 0.882914 0.245861 0.121917 0.208483 0.367156 0.682394 0.693884 0.672963 
0.661563 0.325454 0.375029 0.260861 0.352938 0.723194 0.351399 0.424704 0.673786 0.676453 0.140192 0.332603 0.781273 0.736055 0.579944 0.261433 0.284605 0.211954 0.220268 0.614492 0.067284 
0.337248 0.227025 0.321693 0.261801 0.246625 0.763935 0.279871 0.234242 0.437848 0.738482 0.048484 0.048522 0.645209 0.767279 0.699272 0.000000 0.000000 0.000000 0.000000 0.000000 0.000000 
0.409642 0.164327 0.225350 0.015469 0.015432 0.564057 0.400511 0.426577 0.628576 0.571821 0.202422 0.356318 0.858889 0.543727 0.690313 0.005940 0.010788 0.221417 0.226064 0.242434 0.405196 
0.174631 0.210002 0.523038 0.305299 0.386035 0.673796 0.478343 0.543168 0.662037 0.689637 0.153826 0.435777 0.895477 0.606750 0.554015 0.061225 0.019671 0.536124 0.469011 0.324963 0.552586 
0.397840 0.350561 0.672325 0.217759 0.396058 0.349975 0.135621 0.264152 0.215032 0.912728 0.079381 0.333872 0.695661 0.256174 0.123263 0.259264 0.634099 0.427073 0.572749 0.587515 0.277143 
0.870447 0.270881 0.404636 0.004610 0.033477 0.574203 0.364182 0.517900 0.560709 0.608790 0.004148 0.027019 0.621874 0.835955 0.552474 0.167873 0.280098 0.652592 0.778413 0.766961 0.582101 
0.384998 0.264823 0.369022 0.318743 0.419638 0.841493 0.392366 0.559954 0.613134 0.759502 0.080756 0.328599 0.797840 0.836607 0.622577 0.090149 0.139041 0.471719 0.759156 0.686632 0.623342 
0.862409 0.229452 0.369003 0.220666 0.370317 0.790338 0.034264 0.110415 0.617530 0.746995 0.173807 0.265781 0.852474 0.910738 0.725408 0.225928 0.342684 0.672741 0.499609 0.225155 0.521545 
0.365375 0.200132 0.413250 0.483738 0.651297 0.606231 0.534872 0.607647 0.795896 0.893415 0.114588 0.492698 0.633469 0.659436 0.734049 0.000000 0.000000 0.000000 0.000000 0.000000 0.000000 
0.623556 0.346322 0.461577 0.302455 0.500710 0.556971 0.320152 0.461741 0.720314 0.681596 0.086648 0.426110 0.714105 0.746550 0.696210 0.618205 0.564470 0.722745 0.526735 0.726966 0.388351 
0.444434 0.308626 0.507852 0.168935 0.248680 0.583405 0.187131 0.242205 0.519316 0.522213 0.147815 0.389471 0.726646 0.317600 0.685932 0.154279 0.217709 0.403573 0.620808 0.749458 0.638103 
0.384365 0.185000 0.395252 0.190103 0.284090 0.835628 0.190093 0.232704 0.742222 0.801025 0.000840 0.013575 0.576051 0.667733 0.780858 0.251913 0.330400 0.520973 0.665529 0.657459 0.316005 
0.644529 0.319809 0.428575 0.270954 0.240764 0.569418 0.518488 0.532933 0.541113 0.643850 0.022180 0.111426 0.367544 0.814923 0.504413 0.079540 0.110116 0.730741 0.412037 0.543933 0.433388 
0.687269 0.120304 0.246167 0.248360 0.486932 0.720970 0.190777 0.375547 0.645131 0.837413 0.179115 0.355139 0.788790 0.872005 0.812084 0.031129 0.130255 0.853217 0.615926 0.642803 0.680871 
0.224847 0.278076 0.275044 0.364828 0.359841 0.720300 0.284984 0.290085 0.703843 0.784700 0.018790 0.039952 0.645364 0.860304 0.735713 0.016334 0.014424 0.307218 0.477211 0.261303 0.488133 
0.622640 0.344083 0.505424 0.381072 0.568362 0.617312 0.341465 0.496819 0.514614 0.892401 0.226001 0.359252 0.864556 0.646280 0.470370 0.000000 0.000088 0.002394 0.122804 0.214013 0.033154 
0.665447 0.237939 0.283781 0.350375 0.444575 0.472652 0.136716 0.196630 0.486751 0.710596 0.331321 0.472487 0.808448 0.678305 0.459537 0.222616 0.321121 0.446239 0.444227 0.613226 0.463455 
0.414478 0.250976 0.393853 0.256700 0.373023 0.764274 0.337054 0.248432 0.777850 0.888128 0.009468 0.287722 0.406615 0.178637 0.047045 0.230512 0.405845 0.746281 0.710596 0.649197 0.514595 
0.428111 0.103170 0.414723 0.005683 0.012880 0.528277 0.487967 0.565383 0.554158 0.541059 0.005822 0.013943 0.560334 0.904285 0.451589 0.190302 0.281051 0.610682 0.749266 0.667969 0.670835 
0.200488 0.226120 0.376657 0.398883 0.432361 0.740892 0.440516 0.486034 0.724172 0.851315 0.068091 0.309340 0.806825 0.711640 0.679917 0.178440 0.061959 0.176839 0.451449 0.582191 0.218557 
0.581651 0.205228 0.317317 0.262635 0.388470 0.674416 0.113065 0.192044 0.447239 0.786632 0.157236 0.275549 0.683753 0.878963 0.714323 0.000000 0.000000 0.000000 0.000000 0.000000 0.000000 
0.344105 0.362431 0.583478 0.530428 0.595347 0.811475 0.336705 0.615938 0.893380 0.798636 0.077957 0.441344 0.630505 0.473510 0.742958 0.000000 0.000000 0.000000 0.000000 0.000000 0.000000 
0.435302 0.081294 0.390893 0.172287 0.363860 0.455758 0.460236 0.536058 0.552284 0.815816 0.030827 0.177842 0.680037 0.532982 0.471781 0.000651 0.004270 0.006002 0.344728 0.116523 0.029395 
0.674846 0.076860 0.416483 0.252869 0.545523 0.613161 0.031061 0.228005 0.305176 0.733575 0.038932 0.192842 0.306650 0.497372 0.356211 0.044936 0.321211 0.623720 0.782440 0.510851 0.807777 
0.346209 0.309842 0.529612 0.228671 0.458564 0.601909 0.382133 0.524232 0.791705 0.765034 0.108515 0.281101 0.680826 0.670647 0.844881 0.187256 0.343642 0.760375 0.826198 0.869118 0.831845 
0.150083 0.296541 0.479956 0.157796 0.445294 0.846712 0.203683 0.330237 0.743172 0.877280 0.111192 0.372566 0.765762 0.853872 0.757263 0.062082 0.242504 0.597253 0.719573 0.807384 0.808057 
0.535877 0.197117 0.539775 0.193948 0.398105 0.576570 0.220196 0.379423 0.544549 0.949877 0.014404 0.032063 0.344973 0.536412 0.639981 0.510771 0.907874 0.674334 0.568812 0.527332 0.161750 
0.368839 0.220732 0.340833 0.256098 0.504231 0.742618 0.327895 0.575627 0.827765 0.927609 0.264773 0.327949 0.694712 0.889146 0.754448 0.142061 0.282230 0.870536 0.702968 0.795470 0.568153 
0.241644 0.365469 0.277576 0.272164 0.312682 0.876314 0.489046 0.429664 0.544216 0.698304 0.291448 0.376523 0.545312 0.596179 0.753671 0.181777 0.181110 0.828697 0.774582 0.563484 0.686391 
0.429737 0.298948 0.606259 0.247012 0.628634 0.715017 0.040267 0.435459 0.619667 0.878650 0.247524 0.636340 0.803324 0.853371 0.807168 0.107779 0.361941 0.463355 0.634431 0.499970 0.591329 
0.297538 0.163349 0.517200 0.282607 0.318262 0.582133 0.231457 0.501152 0.826924 0.726754 0.099615 0.651832 0.743132 0.332226 0.741507 0.205414 0.268221 0.733729 0.721590 0.763887 0.390162 
0.595098 0.166689 0.306336 0.097411 0.172516 0.236401 0.300768 0.472020 0.566943 0.657376 0.211437 0.348718 0.787803 0.574366 0.856179 0.218025 0.353369 0.506229 0.829297 0.913317 0.862153]
 
%processing speed=0.743s%
%nb images * ps = nb secondes = 99*0.743=73.56s%
 
 
plot(A)
legend('Intro/Batterie',"Intro/Basse","Batterie/Basse","Intro/CG","Batterie/CG","Basse/CG","Intro/CD","Batterie/CD","Basse/CD","CG/CD","Intro/Cuivres","Batterie/Cuivres","Basse/Cuivres","CG/Cuivres","CD/Cuivres","Intro/Voix","Batterie/Voix","Basse/Voix","CG/Voix","CD/Voix","Cuivres/Voix","location","eastoutside") 
xlabel('Nombre images (99)')
ylabel('Coefficients de corrélation entre 2 pistes')
title('Coefficients de corrélation enre 2 pistes pendant 73.56 secondes')



plotmatrix(A) %
imshow(A) %

surf(A)
shading('faceted') 
colormap(viridis),colorbar
set(gca,'Xtick', [1:21] )
set(gca,'XTickLabel',["Intro/\nBatterie";"Intro/\nBasse";"Batterie/\nBasse";"Intro/\nCG";"Batterie/\nCG";"Basse/\nCG";"Intro/\nCD";"Batterie/\nCD";"Basse/\nCD";"CG/\nCD"; "Intro/\nCuivres";"Batterie/\nCuivres";"Basse/\nCuivres";"CG/\nCuivres";"CD/\nCuivres";"Intro/\nVoix";"Batterie/\nVoix";"Basse/\nVoix";"CG/\nVoix";"CD/\nVoix";"Cuivres/\nVoix"])
ylabel('Nombre images (99)')
title('Coefficients de corrélation enre 2 pistes pendant 73.56 secondes')


AA=permute(reshape(A,99,21,1),[3,2,1])
AA(:,:,88)
imagesc(AA(:,:,56)),colorbar


%Coefficients pour chaque piste à un temps aléatoire%

for m=randi([1,99]) %nb d'images
  M=(m-1)*0.743 %nb de secondes
  imagesc(AA(:,:,m)),colormap(viridis),caxis([0,1]),colorbar
  set(gca,'ytick',[])
  set(gca,'Xtick', [1:21] )
  set(gca,'XTickLabel',["Intro/\nBatterie";"Intro/\nBasse";"Batterie/\nBasse";"Intro/\nCG";"Batterie/\nCG";"Basse/\nCG";"Intro/\nCD";"Batterie/\nCD";"Basse/\nCD";"CG/\nCD"; "Intro/\nCuivres";"Batterie/\nCuivres";"Basse/\nCuivres";"CG/\nCuivres";"CD/\nCuivres";"Intro/\nVoix";"Batterie/\nVoix";"Basse/\nVoix";"CG/\nVoix";"CD/\nVoix";"Cuivres/\nVoix"])
  xlim([1,21])
  title(sprintf("Coefficients de corrélation entre chaque piste de Superstition à  %1.0f secondes",M))
end
m,M



%Test légende%

imagesc(AA(:,:,99)),caxis([0,1]),colorbar
L = line(ones(21),ones(21), 'LineWidth',2);               % generate line 
set(L,{'color'},mat2cell(viridis(21),ones(1,21),3));            % set the colors according to cmap
legend('A','B','C','D','E','F','G','H','I','J','K','L','M','N','O','P','Q','R','S','T','U','V',"location","westoutside") 


%Coefficient entre 2 pistes aléatoires sans précision%

for l=randi([1,21])
  for m=randi([1,99])
  M=(m-1)*0.743
    imagesc(AA(:,l,m)),colormap(viridis),caxis([0,1]),colorbar
    xlabel('Corrélation entre 2 pistes')
    set(gca,'ytick',[])
    title(sprintf("Coefficients de corrélation pour l= %1.0f de Superstition \n à m= %1.0f secondes",l,M))
  end
end
m,l,M


%Coefficient entre 2 pistes aléatoires avec précision%
 
for l=randi([1,21])
  for m=randi([1,99])
  M=(m-1)*0.743
    imagesc(AA(:,l,m)),colormap(viridis),caxis([0,1]),colorbar
    set(gca,'ytick',[])
      if (l==1)
         title(sprintf("Coefficient de corrélation pour intro et batterie de Superstition \n à %1.0f secondes",M))
      elseif (l==2) 
        title(sprintf("Coefficient de corrélation pour intro et basse de Superstition \n à %1.0f secondes",M))
      elseif (l==3)
        title(sprintf("Coefficient de corrélation pour batterie et basse de Superstition \n à %1.0f secondes",M))
      elseif (l==4)
        title(sprintf("Coefficient de corrélation pour intro et clavier gauche de Superstition \n à %1.0f secondes",M))
      elseif (l==5)
        title(sprintf("Coefficient de corrélation pour batterie et clavier gauche de Superstition \n à %1.0f secondes",M))
      elseif (l==6)
        title(sprintf("Coefficient de corrélation pour basse et clavier gauche de Superstition \n à %1.0f secondes",M))
      elseif (l==7)
        title(sprintf("Coefficient de corrélation pour intro et clavier droite de Superstition \n à %1.0f secondes",M))
      elseif (l==8)
        title(sprintf("Coefficient de corrélation pour batterie et clavier droite de Superstition \n à %1.0f secondes",M))
      elseif (l==9)
        title(sprintf("Coefficient de corrélation pour basse et clavier droite de Superstition \n à %1.0f secondes",M))
      elseif (l==10)
        title(sprintf("Coefficient de corrélation pour clavier gauche et clavier droite de Superstition \n à %1.0f secondes",M))
      elseif (l==11)
        title(sprintf("Coefficient de corrélation pour intro et cuivres de Superstition \n à %1.0f secondes",M))
      elseif (l==12)
        title(sprintf("Coefficient de corrélation pour batterie et cuivres de Superstition \n à %1.0f secondes",M))
      elseif (l==13)
        title(sprintf("Coefficient de corrélation pour basse et cuivres de Superstition \n à %1.0f secondes",M))
      elseif (l==14)
        title(sprintf("Coefficient de corrélation pour clavier gauche et cuivres de Superstition \n à %1.0f secondes",M))
      elseif (l==15)
        title(sprintf("Coefficient de corrélation pour clavier droite et cuivres de Superstition \n à %1.0f secondes",M))
      elseif (l==16)
        title(sprintf("Coefficient de corrélation pour intro et voix de Superstition \n à %1.0f secondes",M))
      elseif (l==17)
        title(sprintf("Coefficient de corrélation pour batterie et voix de Superstition \n à %1.0f secondes",M))
      elseif (l==18)
        title(sprintf("Coefficient de corrélation pour basse et voix de Superstition \n à %1.0f secondes",M))
      elseif (l==19)
        title(sprintf("Coefficient de corrélation pour clavier gauche et voix de Superstition \n à %1.0f secondes",M))
      elseif (l==20)
        title(sprintf("Coefficient de corrélation pour clavier droite et voix de Superstition \n à %1.0f secondes",M))
      elseif (l==21)
        title(sprintf("Coefficient de corrélation pour cuivres et voix de Superstition \n à %1.0f secondes",M))
      end
  end
end
m,l,M
